page 1:

96, 96, 92, 96, 96, 96, 96, 96, 96, 92, 88, 69, 95, 81, 96, 96, 96, 96, 96, 95, 95, 96, 96, 96, 96, 96, 81, 91, 91, 96, 96, 96, 96, 96, 96, 96, 96, 96, 96, 96, 96, 96, 96, 96, 96, 96, 96, 96, 96, 96, 92, 96, 95, 96, 96, 96, 96, 92, 95, 91, 96, 96, 96, 95, 96, 86, 96, 96, 96, 96, 92, 95, 95, 96, 96, 96, 96, 92, 79, 96, 96, 95, 90, 67, 96, 96, 96, 96, 96, 96, 94, 96, 84, 94, 96, 95, 94, 95, 78, 95, 20, 96, 96, 96, 95, 95, 96, 95, 96, 96, 96, 96, 86, 96, 96, 96, 96, 95, 95, 96, 96, 96, 93, 92, 96, 21, 96, 96, 96, 96, 96, 96, 95, 96, 96, 96, 96, 93, 96, 96, 96, 88, 94, 94, 96, 93, 93, 96, 93, 92, 96, 97, 96, 96, 96, 72, 95, 96, 95, 96, 96, 96, 93, 89, 96, 94, 96, 95, 94, 94, 89, 96, 96, 96, 95, 96, 90, 96, 96, 96, 96, 96, 85, 92, 96, 95, 95, 96, 94, 94, 96, 96, 96, 96, 96, 96, 90, 91, 78, 96, 92, 96, 96, 96, 96, 96, 96, 93, 91, 96, 96, 27, 96, 96, 95, 95, 96, 96, 96, 96, 96, 96, 93, 92, 96, 93, 58, 96, 96, 96, 96, 96, 96, 96, 93, 96, 96, 96, 96, 95, 95, 69, 96, 76, 48, 95, 95, 92, 75, 96, 96, 96, 96, 96, 96, 96, 96, 95, 95, 95, 96, 96, 96, 96, 96, 96, 96, 96, 96, 96, 97, 96, 96, 96, 96, 96, 33, 33, 96, 96, 96, 96, 96, 96, 96, 96, 96, 96, 96, 96, 96, 96, 96, 94, 94, 96, 97, 96, 92, 91, 96, 93, 92, 96, 96, 96, 96, 96, 96, 96, 96, 96, 95, 95, 96, 96, 96, 96, 96, 96, 96, 96, 96, 96, 96, 96, 95, 95, 95, 94, 96, 95, 95, 96, 96, 96, 96, 95, 96, 96, 96, 96, 96, 96, 96, 96, 96, 95, 96, 97, 96, 96, 96, 95, 95, 96, 96, 96, 96, 96, 96, 96, 96, 96, 96, 57, 96, 92, 92, 91, 96, 96, 96, 96, 96, 96, 96, 96, 96, 96, 97, 96, 95, 96, 96, 96, 96, 96, 96, 96, 96, 96, 93, 92, 96, 96, 96, 96, 96, 96, 93, 28, 95, 51, 94, 94, 96, 94, 93, 90, 96, 96, 96, 96, 96, 92, 96, 95, 96, 96, 96, 96, 96, 96, 95, 96, 96, 96, 96, 96, 95, 96, 96, 95, 94, 96, 93, 71, 96, 96, 96, 96, 96, 93, 93, 97, 96, 96, 96, 95, 95, 96, 96, 90, 96, 0, 95, 96, 96, 96, 96, 96, 95, 96, 96, 96, 96, 96, 92, 95, 95, 93, 95, 96, 96, 96, 96, 96, 96, 96, 96, 93, 92, 94, 96, 96, 96, 96, 96, 96, 96, 95, 96, 96, 92, 63, 88, 77, 77, 95, 96, 95, 96, 93, 92, 96, 96, 96, 96, 96, 96, 96, 94, 93, 93, 95, 95, 96, 96, 95, 96, 96, 96, 96, 96, 94, 94, 95, 96, 95, 96, 78, 96, 94, 94, 94, 96, 96, 96, 96, 96, 96, 96, 96, 96, 96, 96, 96, 96, 93, 82, 96, 96, 95, 95, 96, 96, 95, 96, 96, 96, 96, 96, 0, 96, 96, 96, 93, 92, 96, 96, 95, 96, 96, 92, 92, 96, 96, 96, 96, 96, 96, 96, 96, 96, 96, 96, 95, 96, 96, 96, 96, 96, 96, 95, 95, 96, 95, 95, 96, 94, 94, 96, 96, 96, 96, 97, 95, 96, 96, 96, 95, 96, 96, 96, 96, 96, 96, 96, 96, 96, 96, 96, 96, 96, 96, 96, 95, 96, 96, 97, 96, 4, 95, 95, 95, 96, 93, 92, 96, 94, 94, 96, 94, 96, 95, 96, 96, 95, 96, 93, 96, 94, 94, 96, 96, 96, 96, 89, 96, 96, 96, 95, 95, 94, 96, 96, 96, 97, 96, 96, 96, 96, 96, 96, 96, 96, 96, 96, 96, 96, 46, 96, 96, 96, 96, 96, 96, 93, 96, 96, 16




page 2:

95, 96, 96, 62, 96, 96, 96, 95, 95, 95, 95, 96, 93, 88, 96, 20, 44, 0, 6, 0, 96, 96, 96, 96, 96, 96, 96, 96, 96, 94, 94, 92, 90, 96, 96, 96, 96, 96, 96, 96, 96, 96, 96, 90, 90, 96, 96, 96, 96, 95, 96, 96, 96, 96, 95, 96, 94, 96, 16, 96, 96, 96, 96, 96, 96, 96, 96, 96, 96, 92, 94, 96, 95, 96, 75, 94, 94, 96, 96, 96, 96, 94, 96, 96, 95, 94, 94, 95, 95, 0, 96, 95, 95, 95, 95, 96, 96, 90, 92, 96, 96, 85, 95, 96, 96, 76, 17, 96, 96, 96, 96, 96, 93, 53, 96, 95, 95, 95, 95, 96, 96, 96, 96, 96, 96, 96, 95, 96, 48, 95, 95, 95, 96, 95, 96, 0, 96, 92, 96, 96, 96, 96, 56, 96, 96, 96, 96, 96, 96, 96, 96, 96, 96, 96, 96, 96, 96, 96, 95, 95, 89, 96, 96, 96, 96, 96, 93, 96, 96, 95, 96, 0, 96, 96, 96, 95, 96, 95, 95, 96, 96, 96, 96, 68, 37, 82, 79, 83, 91, 92, 95, 84, 96, 96, 95, 96, 96, 89, 89, 96, 79, 96, 95, 38, 96, 85, 96, 96, 96, 96, 96, 96, 96, 96, 91, 81, 67, 96, 94, 96, 96, 96, 96, 96, 96, 96, 94, 96, 80, 96, 96, 96, 96, 95, 96, 96, 96, 96, 96, 95, 79, 96, 0, 96, 92, 96, 96, 96, 96, 96, 96, 96, 96, 96, 95, 96, 93, 92, 96, 96, 96, 96, 96, 96, 96, 76, 96, 96, 96, 96, 96, 96, 96, 96, 95, 96, 95, 69, 93, 87, 96, 94, 94, 96, 96, 96, 94, 94, 96, 96, 90, 53, 96, 96, 96, 96, 96, 96, 96, 95, 96, 96, 96, 96, 96, 92, 42, 96, 96, 95, 95, 95, 96, 96, 96, 96, 93, 93, 26, 96, 96, 96, 96, 96, 96, 96, 96, 96, 95, 96, 96, 94, 72, 16, 91, 91, 96, 96, 96, 96, 95, 96, 96, 96, 96, 96, 96, 96, 96, 86, 96, 96, 96, 95, 96, 96, 96, 96, 96, 95, 96, 96, 76, 96, 96, 96, 96, 96, 96, 96, 96, 94, 96, 96, 96, 32, 96, 96, 96, 96, 96, 96, 96, 96, 96, 96, 96, 96, 0, 90, 92, 92, 91, 91, 96, 89, 52, 0, 3, 0, 90, 96, 93, 96, 96, 94, 94, 96, 91, 62, 96, 87, 93, 96, 86, 26, 20, 34, 15, 36, 32, 42, 5, 92, 92, 96, 94, 96, 96, 96, 96, 96, 96, 96, 96, 96, 96, 95, 93, 92, 96, 96, 96, 96, 96, 96, 96, 96, 94, 94, 93, 92, 89, 96, 95, 94, 95, 96, 96, 93, 92, 96, 95, 95, 95, 96, 95, 96, 96, 93, 92, 96, 56, 96, 95, 96, 96, 96, 96, 96, 0, 91, 96, 95, 96, 96, 96, 96, 96, 96, 96, 96, 96, 96, 96, 96, 96, 96, 96, 96, 96, 93, 40, 96, 95, 96, 95, 82, 96, 96, 96, 96, 79, 96, 96, 96, 93, 91, 92, 96, 95, 93, 96, 89, 96, 96, 95, 96, 96, 96, 96, 96, 96, 96, 97, 96, 96, 96, 96, 96, 96, 94, 94, 96, 96, 96, 96, 96, 96, 96, 96, 96, 95, 96, 96, 96, 96, 96, 96, 96, 96, 93, 91, 90, 96, 92, 92, 96, 96, 96, 96, 96, 95, 95, 96, 95, 96, 95, 96, 95, 95, 96, 96, 96, 96, 96, 96, 96, 96, 96, 96, 96, 96, 96, 96, 96, 96, 95, 96, 96, 95, 96, 93, 96, 93, 90, 95, 95, 95, 95, 96, 96, 96, 96, 96, 93, 92, 96, 96, 96, 96, 96, 96, 96, 96, 95, 94, 96, 96, 96, 96, 96, 96, 95, 95, 96, 95, 95, 96, 95, 96, 96, 96, 96, 94, 96, 96, 96, 96, 96, 96, 29, 96, 94, 96, 96, 68, 96, 96, 95, 96, 95, 96, 96, 96, 96, 96, 96, 96, 96, 96, 96, 95, 95, 96, 96, 89, 94, 96, 96, 96, 93, 88, 92, 96, 96, 96, 96, 96, 96, 96, 95, 96, 96, 95, 38, 90, 86, 86, 95, 83, 21, 0, 93, 91, 87, 18, 18, 74, 83, 95, 95, 94, 96, 96, 96, 95, 96, 96, 89, 95, 96, 95, 92, 96, 96, 96, 96, 96, 94, 94, 87, 96, 96, 96, 96, 96, 96, 93, 93, 93, 93, 96, 96, 96, 93, 96, 96, 91, 96, 95, 95, 95, 95, 95, 95, 96, 96, 96, 96, 97, 96, 95, 96, 96, 96, 96, 90, 96, 96, 96, 96, 95, 96, 94, 94, 96, 96, 96, 95, 96, 96, 96, 96, 95, 96, 96, 96, 96, 93, 92, 16, 95, 96, 96, 54, 87, 74, 74, 95, 90, 90, 96




page 3:

95, 96, 96, 78, 96, 96, 96, 96, 96, 96, 96, 95, 95, 96, 96, 91, 96, 96, 95, 95, 96, 96, 96, 96, 96, 96, 86, 96, 96, 96, 94, 92, 96, 96, 92, 76, 95, 96, 96, 96, 96, 96, 95, 34, 0, 95, 96, 96, 96, 96, 96, 96, 96, 94, 94, 94, 96, 95, 90, 93, 0, 96, 95, 95, 93, 78, 39, 96, 96, 96, 96, 96, 86, 86, 94, 38, 95, 95, 96, 95, 96, 96, 96, 96, 96, 95, 65, 37, 94, 61, 96, 92, 92, 96, 96, 95, 95, 96, 90, 92, 92, 96, 94, 45, 96, 95, 95, 94, 96, 96, 96, 96, 95, 96, 96, 96, 90, 2, 96, 96, 96, 96, 94, 94, 96, 96, 96, 96, 96, 96, 96, 94, 0, 96, 95, 96, 96, 96, 96, 96, 95, 95, 96, 96, 53, 95, 96, 96, 96, 96, 96, 43, 90, 90, 92, 93, 90, 95, 95, 48, 96, 94, 96, 96, 96, 96, 96, 96, 96, 96, 96, 96, 73, 95, 95, 23, 18, 96, 96, 96, 94, 96, 95, 93, 96, 95, 39, 96, 96, 92, 93, 0, 96, 95, 95, 96, 96, 94, 94, 94, 96, 95, 0, 83, 57, 90, 52, 95, 74, 96, 95, 95, 94, 96, 96, 95, 96, 95, 81, 96, 96, 88, 9, 96, 94, 94, 93, 96, 95, 96, 0, 96, 96, 96, 96, 96, 96, 88, 95, 96, 96, 96, 95, 95, 96, 9, 96, 96, 96, 96, 96, 96, 75, 96, 96, 96, 96, 96, 93, 74, 0, 91, 96, 96, 90, 96, 96, 96, 94, 96, 93, 92, 87, 43, 96, 92, 96, 96, 96, 93, 96, 94, 83, 79, 95, 96, 95, 96, 95, 95, 96, 96, 96, 96, 92, 96, 87, 96, 94, 96, 90, 96, 95, 94, 90, 96, 96, 90, 23, 96, 96, 96, 96, 94, 96, 96, 96, 96, 96, 96, 96, 94, 96, 91, 92, 96, 94, 96, 96, 96, 95, 96, 96, 96, 96, 94, 94, 88, 96, 96, 96, 96, 96, 96, 96, 96, 96, 96, 96, 94, 76, 57, 96, 96, 93, 89, 96, 96, 96, 96, 96, 96, 95, 96, 96, 96, 96, 96, 96, 96, 96, 96, 44, 96, 96, 96, 96, 79, 96, 91, 60, 96, 96, 96, 69, 96, 95, 96, 96, 96, 95, 90, 59, 63, 85, 95, 93, 95, 96, 96, 89, 89, 96, 96, 95, 96, 96, 94, 96, 94, 36, 95, 63, 93, 85, 95, 96, 88, 95, 95, 96, 96, 96, 96, 93, 96, 96, 96, 96, 96, 96, 96, 96, 96, 96, 96, 96, 96, 96, 96, 96, 96, 96, 95, 96, 96, 96, 96, 96, 96, 94, 91, 88, 96, 93, 93, 83, 4, 29, 35, 16, 95, 91, 79, 96, 96, 63, 96, 96, 95, 96, 96, 91, 96, 96, 96, 7, 96, 96, 96, 96, 96, 96, 93, 24, 96, 96, 96, 96, 95, 96, 96, 96, 96, 96, 96, 96, 96, 96, 96, 96, 96, 96, 96, 94, 96, 52, 93, 96, 96, 95, 96, 96, 96, 96, 96, 96, 95, 95, 92, 96, 93, 78, 96, 96, 96, 96, 95, 96, 96, 96, 96, 82, 96, 96, 96, 96, 94, 94, 96, 96, 93, 92, 92, 89, 89, 92, 92, 96, 96, 87, 94, 96, 96, 96, 96, 96, 96, 88, 96, 96, 96, 96, 96, 96, 96, 94, 94, 96, 96, 96, 96, 96, 96, 90, 96, 96, 96, 96, 96, 96, 92, 76, 58, 95, 96, 96, 96, 96, 94, 96, 96, 96, 95, 93, 81, 96, 96, 96, 96, 96, 96, 96, 96, 93, 45, 96, 96, 96, 96, 96, 96, 93, 41, 96, 96, 96, 96, 95, 96, 96, 96, 96, 94, 94, 96, 94, 96, 96, 96, 96, 96, 97, 96, 96, 96, 96, 96, 96, 96, 96, 96, 96, 96, 96, 96, 96, 96, 95, 95, 96, 92, 91, 96, 95, 95, 94, 94, 93, 96, 96, 96, 97, 96, 96, 72, 72, 94, 96, 96, 96, 96, 95, 95, 96, 96, 92, 92, 92, 96, 96, 96, 96, 96, 96, 96, 96, 96, 96, 93, 36, 96, 96, 96, 96, 95, 95, 95, 95, 95, 96, 97, 96, 96, 96, 96, 96, 95, 95, 96, 95, 95, 96, 95, 95, 96, 97, 93, 90, 96, 96, 94, 95, 95, 95, 96, 57, 96, 96, 40, 90, 96, 96, 96, 96, 96, 96, 92, 92, 96, 96, 96, 96, 96, 96, 96, 87, 96, 96, 96, 95, 96, 96, 96, 74, 45, 38, 96, 90, 96, 96, 96, 96, 96, 96, 96, 96, 96, 96, 93, 93, 96, 96, 88, 95, 96, 96, 96, 95, 96, 96, 96, 96, 96, 96, 96, 96, 96, 96, 96, 83, 96, 96, 96, 96, 96, 96, 96, 96, 96, 96, 96, 96, 95, 96, 96, 96, 93, 95, 95, 95, 96, 93, 92, 61, 95, 91, 48, 93, 93, 36, 56, 62, 95





page 4: 

95, 96, 93, 75, 96, 94, 96, 96, 96, 95, 95, 96, 95, 96, 75, 96, 85, 59, 21, 96, 96, 96, 96, 96, 96, 96, 95, 96, 96, 96, 50, 95, 96, 89, 0, 96, 96, 96, 96, 95, 96, 87, 95, 96, 96, 95, 96, 96, 96, 96, 96, 88, 69, 96, 95, 95, 96, 96, 96, 95, 96, 96, 96, 96, 96, 96, 53, 96, 95, 96, 96, 95, 96, 96, 96, 96, 94, 94, 96, 96, 96, 48, 68, 96, 96, 96, 96, 96, 96, 95, 95, 29, 96, 96, 96, 96, 96, 95, 96, 96, 96, 95, 95, 96, 46, 96, 96, 93, 91, 96, 96, 95, 96, 96, 96, 96, 86, 66, 96, 96, 96, 96, 96, 96, 95, 95, 95, 78, 96, 96, 96, 94, 92, 90, 90, 89, 89, 96, 96, 96, 96, 88, 88, 95, 95, 95, 93, 65, 69, 96, 96, 96, 96, 95, 74, 89, 41, 90, 96, 96, 96, 96, 96, 96, 93, 93, 18, 96, 96, 93, 96, 95, 96, 91, 96, 96, 96, 96, 39, 0, 95, 96, 97, 96, 96, 96, 96, 93, 17, 32, 95, 96, 96, 96, 95, 95, 96, 95, 96, 96, 95, 96, 93, 93, 82, 96, 96, 96, 96, 95, 96, 95, 96, 96, 95, 95, 95, 92, 37, 41, 95, 95, 96, 96, 96, 94, 96, 93, 96, 93, 83, 96, 75, 96, 95, 94, 96, 96, 93, 95, 96, 46, 87, 96, 96, 76, 76, 95, 63, 94, 95, 96, 96, 93, 80, 96, 93, 93, 95, 89, 96, 0, 94, 90, 90, 96, 2, 29, 94, 93, 90, 48, 87, 80, 95, 96, 80, 59, 96, 54, 94, 26, 26, 94, 94, 22, 31, 36, 45, 45, 77, 77, 95, 96, 33, 66, 65, 65, 74, 93, 89, 95, 86, 82, 67, 96, 95, 92, 67, 88, 95, 96, 96, 96, 96, 96, 96, 60, 92, 96, 96, 96, 95, 96, 96, 87, 7, 2, 95, 95, 84, 84, 0, 91, 96, 92, 86, 91, 90, 94, 96, 80, 55, 85, 95, 76, 96, 92, 92, 96, 96, 96, 96, 95, 95, 96, 95, 85, 96, 96, 96, 96, 96, 96, 96, 92, 96, 96, 94, 55, 96, 96, 96, 96, 96, 96, 96, 96, 96, 95, 20, 95, 90, 94, 96, 93, 68, 91, 96, 95, 96, 93, 96, 96, 96, 96, 95, 95, 96, 96, 94, 96, 96, 93, 69, 96, 87, 72, 91, 96, 96, 95, 96, 96, 95, 96, 91, 93, 93, 89, 96, 93, 89, 96, 96, 92, 95, 94, 95, 95, 90, 96, 93, 93, 93, 93, 96, 96, 96, 92, 95, 94, 94, 53, 94, 95, 96, 96, 96, 96, 96, 96, 96, 96, 96, 96, 96, 96, 96, 96, 93, 88, 91, 91, 96, 94, 94, 95, 96, 95, 95, 95, 82, 96, 96, 96, 96, 96, 93, 2, 93, 83, 97, 96, 96, 66, 95, 95, 95, 95, 96, 96, 96, 95, 96, 93, 90, 92, 95, 96, 96, 91, 51, 78, 94, 94, 96, 96, 96, 96, 95, 96, 96, 96, 96, 96, 96, 95, 95, 95, 95, 96, 96, 96, 96, 96, 95, 95, 95, 96, 96, 96, 96, 96, 96, 95, 96, 96, 96, 96, 95, 95, 96, 96, 96, 96, 96, 95, 27, 95, 49, 92, 94, 29, 96, 96, 96, 96, 95, 95, 84, 96, 90, 90, 92, 84, 92, 95, 92, 81, 59, 48, 90, 90, 91, 87, 88, 96, 93, 89, 93, 36, 55, 82, 91, 79, 93, 85, 90, 75, 48, 89, 89, 95, 95, 92, 95, 95, 87, 95, 96, 96, 95, 87, 71, 96, 96, 96, 96, 96, 96, 96, 96, 90, 96, 95, 95, 96, 96, 96, 91, 78, 96, 96, 96, 96, 96, 95, 96, 96, 93, 92, 96, 96, 95, 96, 96, 96, 96, 96, 96, 96, 96, 95, 95, 96, 96, 96, 96, 94, 96, 95, 96, 96, 96, 95, 96, 96, 96, 96, 96, 96, 96, 96, 96, 95, 95, 91, 91, 95, 96, 96, 96, 96, 96, 96, 96, 96, 95, 96, 96, 96, 96, 94, 94, 96, 96, 96, 96, 96, 93, 93, 96, 95, 96, 96, 96, 96, 96, 96, 93, 90, 96, 96, 96, 96, 96, 72, 96, 96, 96, 96, 96, 96, 96, 94, 96, 96, 96, 93, 91, 96, 96, 96, 96, 95, 93, 91, 96, 96, 96, 96, 95, 96, 96, 96, 95, 95, 96, 97, 96, 96, 96, 92, 92, 94, 96, 96, 96, 96, 96, 96, 96, 95, 96, 95


